    Period      cagr      vol    sharpe   sortino  information_ratio  max_drawdown  ir_HFRXSDV Base  ir_SG Trend Index  ir_Efficient Capital Best Trend 15v  ir_Abrdn MOSERS Trend
2007-02-28  0.041962 0.110833 -0.062619 -0.085250          -0.011376      0.066121        -0.466726          -0.206559                                  NaN                    NaN
2007-02-28  0.085681 0.077049  0.451712  0.685600           0.480248      0.037965        -0.161330           0.556658                                  NaN                    NaN
2007-02-28  0.202230 0.132696  1.102012  1.853132           1.095257      0.072683         0.564642           0.936850                                  NaN                    NaN
2007-02-28  0.114226 0.071538  0.874243  1.482606           0.882860      0.037840         0.025190           0.515474                                  NaN                    NaN
2007-02-28  0.047083 0.129064 -0.015803 -0.025430           0.042784      0.079302        -0.280714          -0.083865                                  NaN                    NaN
2007-02-28  0.071611 0.143590  0.149548  0.234352           0.213526      0.047080        -0.202849           0.105551                                  NaN                    NaN
2007-02-28  0.209330 0.118730  1.295465  2.560800           1.266248      0.029106         0.639205           0.797039                                  NaN                    NaN
2007-02-28  0.180621 0.073591  1.713779  3.915308           1.655596      0.017829         0.506376           0.877014                                  NaN                    NaN
2008-02-29  0.319720 0.172152  1.514895  2.834709           1.438151      0.084834         1.000885           0.879389                                  NaN                    NaN
2008-02-29  0.274281 0.100203  2.181662  5.545062           2.035445      0.016305         0.716499           0.356571                                  NaN                    NaN
2008-02-29  0.457351 0.118360  3.332141  6.879589           2.903577      0.002281         1.528911           0.967268                                  NaN                    NaN
2008-02-29  0.136841 0.181766  0.472304  0.735830           0.538237      0.137236         0.053584          -0.896507                                  NaN                    NaN
2008-02-29 -0.061267 0.214225 -0.487712 -0.611661          -0.412126      0.185167        -0.716239          -2.438606                                  NaN                    NaN
2008-02-29  0.605004 0.183687  2.922298  9.179722           2.463438      0.021027         1.716010           2.163140                                  NaN                    NaN
2008-02-29  0.089791 0.099265  0.405716  0.612093           0.444361      0.066163        -0.230404          -0.646152                                  NaN                    NaN
2008-02-29  0.146170 0.105357  0.901497  1.980213           0.911791      0.050522         0.046463          -0.402674                                  NaN                    NaN
2009-02-28  0.078972 0.079355  0.809847  1.531921           0.823076      0.059692        -1.151375          -0.329330                            -2.961462                    NaN
2009-02-28  0.236461 0.182328  1.207494  2.612188           1.181040      0.070281        -0.111978           1.287531                            -0.272469                    NaN
2009-02-28  0.168841 0.127999  1.194701  2.424775           1.176115      0.048888        -0.481588           0.843353                            -1.078996                    NaN
2009-02-28  0.074577 0.087956  0.676012  1.178268           0.698672      0.066841        -1.059991          -0.517076                            -3.080258                    NaN
2009-02-28  0.228154 0.082943  2.519224  5.895599           2.341812      0.034561        -0.411205           0.906300                            -0.707964                    NaN
2009-02-28 -0.099633 0.203717 -0.547659 -0.721125          -0.483269      0.225455        -1.818256          -0.845233                            -1.914806                    NaN
2009-02-28 -0.005936 0.078469 -0.247126 -0.311193          -0.212592      0.077595        -1.393626          -1.272046                            -3.364667                    NaN
2009-02-28  0.326840 0.144056  2.126231  5.909874           1.938521      0.060679         0.157188           1.151603                             0.169810                    NaN
2009-02-28  0.490953 0.149487  3.145582 11.193870           2.685878      0.034436         0.615659           2.243702                             0.925504                    NaN
2010-02-28  0.006059 0.112820  0.037773  0.054606           0.089486      0.078065         0.728531           1.506518                             2.745410                    NaN
2010-02-28 -0.049949 0.112247 -0.460382 -0.637113          -0.420310      0.082110         0.371792           0.512497                             2.165619                    NaN
2010-02-28  0.047739 0.100322  0.457503  0.791899           0.493852      0.057139         1.106211           3.019221                             5.127094                    NaN
2010-02-28 -0.058606 0.091070 -0.662082 -0.985863          -0.639886      0.077745         0.414360           0.206441                             2.153629                    NaN
2010-02-28 -0.152497 0.195312 -0.789028 -0.979054          -0.760464      0.183494        -0.153209          -0.655650                             0.395069                    NaN
2010-02-28 -0.101172 0.136539 -0.753492 -0.935997          -0.728600      0.125124         0.064725          -0.413368                             1.222288                    NaN
2010-02-28  0.116243 0.143891  0.793772  1.399569           0.820511      0.096520         1.676751           0.994925                             1.706413                    NaN
2010-02-28 -0.123315 0.107171 -1.166436 -1.216045          -1.188532      0.130348        -0.106551          -0.388322                             0.412964                    NaN
2010-02-28 -0.148906 0.209543 -0.718290 -1.142071          -0.681687      0.147045        -0.189591          -0.327047                             0.241772                    NaN
2011-02-28  0.157618 0.097926  1.593462  3.766033           1.534047      0.035868         0.546184          -0.099918                            -0.986326                    NaN
2011-02-28  0.145580 0.099031  1.454860  3.576026           1.411217      0.032157         0.479991          -0.186534                            -0.924934                    NaN
2011-02-28  0.157967 0.117303  1.332257  2.184212           1.299698      0.067261         0.635822          -0.053941                            -1.031225                    NaN
2011-02-28  0.177548 0.090778  1.937576  4.628052           1.838063      0.029423         0.722973           0.168176                            -0.988096                    NaN
2011-02-28  0.174893 0.128668  1.346929  3.020841           1.308506      0.043283         0.602981           0.067372                            -0.362577                    NaN
2011-02-28  0.255081 0.101760  2.489933  6.751273           2.286269      0.027345         1.107011           0.695309                            -0.010702                    NaN
2011-02-28 -0.076652 0.090173 -0.864526 -1.011461          -0.855371      0.089592        -0.868308          -1.708065                            -2.538219                    NaN
2011-02-28 -0.075654 0.099149 -0.776917 -1.063296          -0.760739      0.101672        -0.774211          -1.639157                            -2.072989                    NaN
2011-02-28 -0.009709 0.086440 -0.128380 -0.236424          -0.090143      0.034597        -0.478275          -1.177092                            -1.682133                    NaN
2012-02-29  0.116536 0.151188  0.764429  1.550974           0.794775      0.084004         0.640990           1.993464                             2.017896                    NaN
2012-02-29 -0.008479 0.138726 -0.066836 -0.093265          -0.003010      0.075076        -0.010928           0.879486                             1.108612                    NaN
2012-02-29 -0.013068 0.106070 -0.130692 -0.180454          -0.082597      0.100533        -0.059646           0.966628                             1.319191                    NaN
2012-02-29  0.055577 0.096727  0.566178  1.000956           0.596391      0.058601         0.358888           1.827306                             2.092562                    NaN
2012-02-29 -0.102005 0.109534 -0.938208 -1.077986          -0.934827      0.126755        -0.592141          -0.525762                            -0.216238                    NaN
2012-02-29 -0.085695 0.114370 -0.755722 -0.866743          -0.733749      0.108278        -0.540080          -0.235039                            -0.028566                    NaN
2012-02-29 -0.124095 0.145185 -0.859809 -1.118707          -0.847195      0.206628        -0.664972          -0.644819                            -0.406026                    NaN
2012-02-29 -0.049105 0.082573 -0.604680 -0.870034          -0.581422      0.091224        -0.320777           0.118927                             0.315183                    NaN
2012-02-29  0.225011 0.125920  1.777806  3.926120           1.674283      0.047241         1.669700           1.708932                             1.711052                    NaN
2012-02-29  0.067210 0.104524  0.635703  1.077681           0.664944      0.051917         0.388703           1.103413                             1.175168                    NaN
2013-02-28 -0.020071 0.132002 -0.160166 -0.315386          -0.103560      0.073958         0.303522           0.058070                            -0.087777                    NaN
2013-02-28  0.011642 0.126925  0.083040  0.134003           0.139982      0.090985         0.490945           0.865180                             0.299242                    NaN
2013-02-28  0.056585 0.115424  0.480381  0.757192           0.521149      0.051177         0.748110           1.759428                             0.772873                    NaN
2013-02-28 -0.003237 0.110835 -0.039023 -0.061118           0.010936      0.082567         0.407038           0.433151                             0.072597                    NaN
2013-02-28 -0.066069 0.074732 -0.897328 -1.019074          -0.891652      0.090883        -0.009469          -0.697503                            -0.497732                    NaN
2013-02-28 -0.012146 0.083199 -0.158946 -0.289520          -0.122814      0.050416         0.367885           0.117657                            -0.043353                    NaN
2013-02-28  0.049904 0.145744  0.334621  0.537284           0.393523      0.072731         0.682331           1.231858                             0.884299                    NaN
2013-02-28 -0.153125 0.103190 -1.493210 -1.476450          -1.562077      0.165731        -0.652133          -2.094350                            -1.400643                    NaN
2013-02-28 -0.060202 0.084781 -0.722675 -0.895496          -0.705026      0.075896         0.040519          -0.385950                            -0.366633                    NaN
2013-02-28  0.120709 0.057222  2.086881  8.225078           2.006245      0.018051         1.618961           1.637227                             0.871565                    NaN
2014-02-28  0.053852 0.119551  0.442323  0.671027           0.486726      0.067976         0.629573           1.432165                             1.797987                    NaN
2014-02-28 -0.147836 0.138326 -1.073659 -1.165043          -1.089730      0.193701        -0.917798          -1.050797                            -0.390333                    NaN
2014-02-28  0.069250 0.143022  0.477531  0.797739           0.528169      0.124232         0.658468           1.699083                             2.838839                    NaN
2014-02-28 -0.018263 0.117324 -0.162955 -0.210238          -0.110254      0.116309         0.048959           0.472139                             0.748555                    NaN
2014-02-28 -0.003580 0.091192 -0.048820 -0.074785          -0.007678      0.079293         0.209862           0.671018                             0.980431                    NaN
2014-02-28  0.151148 0.169052  0.888240  1.893717           0.907227      0.087933         0.998961           2.250749                             2.903191                    NaN
2014-02-28 -0.022483 0.100307 -0.232705 -0.347755          -0.189815      0.085689        -0.000562           0.265916                             0.468460                    NaN
2014-02-28 -0.026026 0.202294 -0.132897 -0.176418          -0.040418      0.154878         0.053602           0.356219                             0.885115                    NaN
2015-02-28  0.206938 0.070617  2.922372 13.939434           2.709293      0.013438         1.433842          -1.530529                            -1.835565                    NaN
2015-02-28  0.222777 0.119147  1.864242  5.799052           1.750827      0.024267         1.070704          -0.751011                            -1.427126                    NaN
2015-02-28  0.258938 0.127198  2.031004  6.258882           1.880707      0.047366         1.258035          -0.422176                            -1.567317                    NaN
2015-02-28  0.148094 0.063630  2.319041  7.646827           2.204415      0.018342         0.806610          -1.792529                            -1.874195                    NaN
2015-02-28  0.127750 0.097271  1.306796  2.303869           1.280911      0.036022         0.590266          -2.581300                            -2.641211                    NaN
2015-02-28  0.239140 0.101310  2.354212  6.868316           2.175956      0.026492         1.230177          -0.617087                            -1.295571                    NaN
2015-02-28  0.032747 0.130381  0.247536  0.379989           0.304015      0.100767        -0.161069          -1.455382                            -1.792725                    NaN
2015-02-28  0.329709 0.120947  2.720789  9.166304           2.434248      0.024466         1.662636           0.400085                            -1.346196                    NaN
2016-02-29 -0.140946 0.195259 -0.724238 -0.896041          -0.684971      0.239603        -0.559416          -0.861291                            -0.535693                    NaN
2016-02-29 -0.055562 0.137261 -0.408077 -0.567940          -0.356609      0.152989        -0.297870          -0.636942                             0.529591                    NaN
2016-02-29  0.004785 0.133147  0.032774  0.049486           0.093310      0.111031         0.029992           0.549928                             1.008275                    NaN
2016-02-29 -0.018890 0.153028 -0.126234 -0.181577          -0.057662      0.095175        -0.071265           0.115684                             1.379098                    NaN
2016-02-29 -0.001925 0.137955 -0.017055 -0.024191           0.045984      0.087715        -0.003224           0.221302                             1.128518                    NaN
2016-02-29 -0.081726 0.126202 -0.651116 -0.756400          -0.617753      0.134251        -0.489988          -1.070238                             0.090690                    NaN
2016-02-29 -0.040514 0.132700 -0.308729 -0.434938          -0.254357      0.122814        -0.211301          -0.178458                             0.564882                    NaN
2016-02-29  0.023606 0.086582  0.267937  0.443708           0.304315      0.062148         0.138112           0.963305                             1.199508                    NaN
2016-02-29 -0.129426 0.134392 -0.966371 -1.052907          -0.966081      0.136998        -0.678222          -0.959888                            -0.376554                    NaN
2017-02-28 -0.105614 0.098460 -1.101212 -1.286559          -1.114766      0.128470        -0.399868          -0.111960                            -0.826266                    NaN
2017-02-28 -0.067732 0.099257 -0.712036 -0.954965          -0.690783      0.066528        -0.081447           1.089788                            -0.330571                    NaN
2017-02-28  0.003669 0.137396  0.003282  0.005245           0.065684      0.082106         0.368386           1.520308                             0.951925                    NaN
2017-02-28 -0.114818 0.119989 -0.980309 -1.233315          -0.982609      0.133995        -0.421056          -0.250807                            -0.898910                    NaN
2017-02-28  0.020247 0.054781  0.310000  0.507600           0.332656      0.042251         0.856011           1.550042                             0.579236                    NaN
2017-02-28 -0.099536 0.079258 -1.292393 -1.419551          -1.320677      0.090234        -0.453208           0.008432                            -0.315720                    NaN
2017-02-28 -0.131643 0.070427 -1.906349 -1.819981          -2.002333      0.097577        -0.692573          -0.713843                            -1.016814                    NaN
2017-02-28 -0.086831 0.123779 -0.725158 -0.930569          -0.699976      0.125415        -0.211850           0.236235                            -0.465900                    NaN
2017-02-28 -0.228678 0.123705 -1.868741 -1.728212          -2.043655      0.253981        -1.457065          -1.078381                            -1.271091                    NaN
2017-02-28  0.089158 0.134223  0.638461  1.245218           0.675395      0.116611         0.989305           2.304419                             1.352187                    NaN
2018-02-28  0.003465 0.167596 -0.030230 -0.041568           0.047093      0.105001        -0.306804           0.314908                            -0.738594                    NaN
2018-02-28  0.057484 0.109347  0.443811  0.663463           0.483839      0.052467        -0.133142           0.561953                            -0.158349                    NaN
2018-02-28  0.186894 0.111766  1.578604  2.440062           1.514836      0.063326         0.539747           2.057948                             0.823743                    NaN
2018-02-28  0.054264 0.176850  0.256505  0.468125           0.329440      0.082625        -0.084589           0.441740                            -0.084155                    NaN
2018-02-28  0.008051 0.131409 -0.003872 -0.005379           0.056279      0.079036        -0.365112           0.335310                            -0.832987                    NaN
2018-02-28 -0.018548 0.112500 -0.239141 -0.314033          -0.190790      0.064478        -0.579253          -0.279796                            -0.977318                    NaN
2018-02-28  0.008622 0.152330  0.000290  0.000461           0.068572      0.070550        -0.346478           0.113354                            -0.340926                    NaN
2018-02-28  0.122844 0.070847  1.605577  5.397424           1.558988      0.008297         0.313089           0.649119                             0.178229                    NaN
2018-02-28 -0.014659 0.083309 -0.276753 -0.396309          -0.242258      0.057290        -0.816659          -0.091132                            -0.467909                    NaN
2018-02-28  0.040456 0.161470  0.195626  0.267259           0.268009      0.106355        -0.152108           0.548086                            -0.211624                    NaN
2019-02-28 -0.129093 0.102585 -1.419137 -1.540092          -1.476171      0.135756        -0.084338          -1.198641                            -2.180768                    NaN
2019-02-28  0.020451 0.072319  0.018784  0.024971           0.052306      0.080168         1.257570           0.991745                             0.091162                    NaN
2019-02-28  0.029773 0.116335  0.090575  0.161779           0.142538      0.078563         1.212289           1.357550                             0.195436                    NaN
2019-02-28  0.271421 0.147170  1.684178  2.868947           1.586816      0.078751         1.895806           2.511453                             1.686497                    NaN
2019-02-28 -0.099392 0.122646 -0.949231 -1.100270          -0.946848      0.123545         0.137907          -0.497110                            -1.606123                    NaN
2019-02-28  0.019427 0.086101  0.004573  0.009114           0.042915      0.062446         1.221609           0.868097                             0.052753                    NaN
2019-02-28  0.097573 0.096929  0.796385  1.409833           0.813752      0.064038         1.361833           1.940012                             1.062389                    NaN
2019-02-28  0.086943 0.108753  0.610301  1.134081           0.641854      0.078215         1.542289           1.368776                             0.627661                    NaN
2019-02-28 -0.219520 0.086630 -2.711848 -2.286050          -3.016482      0.188270        -0.994053          -1.195987                            -1.612180                    NaN
2019-02-28  0.110697 0.079639  1.134091  2.069162           1.126126      0.032735         2.967158           1.963076                             0.975276                    NaN
2020-02-29  0.179899 0.138624  1.130090  2.232799           1.119237      0.064704         0.512795           0.486834                             0.329886                    NaN
2020-02-29  0.180872 0.124856  1.260303  2.742994           1.234115      0.052168         0.549438           0.577986                             0.352930                    NaN
2020-02-29  0.179672 0.182718  0.852401  1.518372           0.880223      0.097943         0.413075           0.354906                             0.207648                    NaN
2020-02-29  0.128427 0.066434  1.578268  3.955326           1.537038      0.035746         0.247849          -0.020600                            -0.165850                    NaN
2020-02-29  0.308123 0.136746  2.064461  5.418204           1.899145      0.061099         1.206072           1.305972                             0.913901                    NaN
2020-02-29  0.117572 0.246779  0.383321  0.611009           0.481204      0.194885         0.178139           0.080010                            -0.049452                    NaN
2020-02-29  0.235132 0.122743  1.704988  3.821743           1.615640      0.064847         0.885116           0.648048                             0.420894                    NaN
2020-02-29  0.108212 0.096621  0.887017  1.473569           0.898321      0.058297         0.127301          -0.145143                            -0.253393                    NaN
2021-02-28  0.082060 0.061700  1.269817  4.212125           1.254286      0.018834         0.883947          -0.099367                             0.367089              -0.962986
2021-02-28  0.198420 0.130470  1.482533  3.343593           1.424159      0.062406         1.399430           1.009899                             2.314799               0.348853
2021-02-28 -0.222318 0.192559 -1.167103 -1.163106          -1.209599      0.100308        -1.222689          -1.434401                            -1.425995              -1.619343
2021-02-28  0.062353 0.112311  0.519664  1.261029           0.556245      0.041409         0.449607          -0.288867                             0.236114              -1.041412
2021-02-28  0.149964 0.154907  0.945069  2.431588           0.955436      0.078657         0.862919           0.464282                             0.655442              -0.061957
2021-02-28 -0.007349 0.151136 -0.074828 -0.135779          -0.008115      0.121141        -0.015315          -1.180405                            -0.357640              -1.922671
2021-02-28 -0.025602 0.107786 -0.273565 -0.373299          -0.227555      0.071399        -0.208426          -0.969795                            -0.364455              -1.428725
2021-02-28  0.009828 0.087966  0.067182  0.096802           0.107131      0.078605         0.066212          -0.817647                            -0.185862              -1.530884
2021-02-28 -0.086544 0.201729 -0.446424 -0.621903          -0.372026      0.047269        -0.372116          -0.781516                            -0.613788              -1.008059
2021-02-28  0.096860 0.092193  1.006727  1.973940           1.008266      0.060021         0.772778           0.130988                             0.494631              -0.817507
2022-02-28 -0.115559 0.098541 -1.172697 -1.323282          -1.194368      0.170337        -1.049341          -2.050876                            -1.981803              -0.635823
2022-02-28  0.195798 0.084443  2.318708  5.294605           2.171861      0.034794         1.657746           1.405796                             1.436219               5.180206
2022-02-28 -0.000015 0.087161 -0.000174 -0.000246           0.040017      0.060962         0.045021          -1.271595                            -1.141688               0.659881
2022-02-28  0.103366 0.099550  1.038335  1.813814           1.037839      0.054210         0.768607          -0.571386                            -0.084852               2.864158
2022-02-28  0.133655 0.081586  1.638205  3.694716           1.582731      0.032773         1.271457          -0.083392                             0.225092               2.002631
2022-02-28 -0.038254 0.133324 -0.286926 -0.345264          -0.228970      0.102747        -0.163705          -2.420371                            -1.475377               0.261580
2022-02-28 -0.026382 0.135769 -0.194313 -0.269848          -0.133731      0.126436        -0.100693          -1.733558                            -1.342899               0.342296
2022-02-28  0.069863 0.132851  0.525877  0.856350           0.570645      0.061529         0.462759          -0.512310                            -0.321057               1.398672
2022-02-28  0.054792 0.080694  0.679012  1.209364           0.699232      0.043842         0.542176          -0.615940                            -0.376714               0.951067
2022-02-28  0.466911 0.089563  5.213207 58.759779           4.386789      0.010937         3.790194           2.655786                             2.634101               4.190679
2023-02-28  0.115503 0.175186  0.534573  1.009535           0.592624      0.131237        -0.183147          -0.925531                            -1.571443              -1.605146
2023-02-28  0.134040 0.271773  0.416980  0.834058           0.516089      0.135537        -0.002282          -0.129222                            -0.395820              -0.536909
2023-02-28  0.206152 0.159444  1.139186  2.657401           1.125300      0.074857         0.194586           0.121667                            -0.408982              -0.584593
2023-02-28  0.082066 0.114208  0.539506  1.101742           0.576769      0.035461        -0.550429          -0.557575                            -0.823569              -0.810662
2023-02-28  0.157281 0.103938  1.289211  2.818209           1.263014      0.059719        -0.043151          -0.436161                            -0.925519              -0.956952
2023-02-28  0.118116 0.232451  0.417576  0.655497           0.508719      0.137182        -0.091138          -0.468158                            -1.015636              -1.588944
2023-02-28  0.044656 0.179990  0.139485  0.234663           0.220128      0.146453        -0.483876          -1.777704                            -3.234455              -1.974033
2023-02-28  0.148466 0.111685  1.121045  1.910768           1.112834      0.071870        -0.079087          -0.457829                            -0.969961              -0.927391
2023-02-28  0.239834 0.133289  1.607340  3.470161           1.527016      0.076156         0.391218           0.338571                            -0.244878              -0.327115
2023-02-28  0.039741 0.092509  0.217631  0.403275           0.258250      0.076999        -0.771046          -1.134878                            -1.538764              -1.268679
2024-02-29 -0.057956 0.081295 -1.295059 -1.486493          -1.324814      0.102433        -0.342648          -1.075938                            -0.936378              -0.876397
2024-02-29  0.125282 0.086686  0.797263  2.011003           0.811982      0.033557         0.849144           0.787728                             0.438533               0.457262
2024-02-29 -0.040026 0.115540 -0.767274 -0.891134          -0.746409      0.075276        -0.152679          -0.848999                            -0.715811              -0.784871
2024-02-29  0.082529 0.126325  0.227945  0.457084           0.281314      0.034823         0.537118           0.292990                             0.149768               0.162684
2024-02-29  0.016515 0.144609 -0.238225 -0.278392          -0.172246      0.030729         0.196514          -0.130862                            -0.267705              -0.328558
2024-02-29  0.079179 0.118361  0.215124  0.360664           0.266482      0.043348         0.560912           0.883778                             0.262920               0.321250
2024-02-29  0.250916 0.142821  1.325045  5.591884           1.283758      0.034717         1.385987           2.011294                             1.492414               1.409263
2024-02-29 -0.023729 0.135859 -0.535986 -0.699602          -0.491997      0.077935        -0.029264          -0.478330                            -0.476192              -0.501356
2024-02-29 -0.043579 0.112974 -0.814488 -0.938659          -0.798286      0.070263        -0.198779          -0.693594                            -0.701511              -0.695115
2024-02-29  0.040220 0.158479 -0.074370 -0.110684          -0.002096      0.144040         0.291756           0.080667                            -0.030838              -0.017424
2025-02-28 -0.169731 0.085750 -2.459717 -2.042784          -2.696663      0.191247              NaN                NaN                                  NaN                    NaN
2025-02-28 -0.059906 0.085773 -1.245440 -1.428437          -1.271645      0.121146              NaN                NaN                                  NaN                    NaN
2025-02-28  0.039830 0.059127 -0.202431 -0.301878          -0.176359      0.047840              NaN                NaN                                  NaN                    NaN
2025-02-28 -0.076736 0.084855 -1.456394 -1.595404          -1.506953      0.091580              NaN                NaN                                  NaN                    NaN
2025-02-28 -0.143672 0.094901 -1.963755 -1.840130          -2.111184      0.165702              NaN                NaN                                  NaN                    NaN
2025-02-28  0.101016 0.079885  0.575483  1.167606           0.599991      0.036262              NaN                NaN                                  NaN                    NaN
2025-02-28  0.087209 0.182374  0.180920  0.354820           0.258410      0.124036              NaN                NaN                                  NaN                    NaN
2025-02-28 -0.190143 0.100641 -2.296308 -2.009771          -2.536345      0.198678              NaN                NaN                                  NaN                    NaN
2025-02-28 -0.118554 0.097423 -1.663464 -1.584980          -1.756334      0.161233              NaN                NaN                                  NaN                    NaN
2025-02-28 -0.225730 0.061026 -4.348873 -2.524680          -4.960521      0.223632              NaN                NaN                                  NaN                    NaN