                                       Name    Weight    IS CAGR     IS Vol IS Sharpe IS Sortino     IS IR   IS MaxDD    OS CAGR     OS Vol OS Sharpe OS Sortino     OS IR   OS MaxDD
                               Equal Weight      <NA>  12.271737   8.065471  1.521515   3.152341  1.481994   9.326092   5.496382   8.550721  0.642797   1.052711  0.669614  14.899417
                                User Weight      <NA>  13.480523   7.997785  1.685532   3.684113  1.629063   8.750083    5.59639   8.477341  0.660159    1.08948  0.685885  16.982271
                                       <NA>      <NA>       <NA>       <NA>      <NA>       <NA>      <NA>       <NA>       <NA>       <NA>      <NA>       <NA>      <NA>       <NA>
                                  Lynx Fund  3.514881  10.166964  11.904542  0.854041   1.550674  0.875191  10.315465   9.339069  13.712914  0.681042   1.186136  0.720328   9.341435
                            The Winton Fund  6.487392  10.950092  11.912957  0.919175   1.670252  0.934936  12.640789   6.988811  10.515268  0.664635   1.154672  0.696052  14.008819
          Kaiser Global Diversified Program  4.093208  16.636145  12.054634  1.380062   2.440735  1.344627  15.553704  11.859431   13.89009  0.853805   1.338845  0.879527  20.099314
             FORT Global Contrarian Program  5.704954  10.006473  11.953596   0.83711   1.378351  0.860532  14.714014   5.235913  12.460827   0.42019   0.639574  0.472282  22.545524
         Campbell Managed Futures Portfolio  2.217682  10.081284  11.891511  0.847772   1.514172  0.869417  13.177799  -5.397764  14.900112 -0.362263  -0.470608 -0.297639  34.242479
                     ETC Evolution Strategy  4.400533   7.084313  11.962867  0.592192   1.018776  0.632752  26.204387   6.872427  13.420649  0.512079   0.866704  0.562177  20.662848
             Fulcrum Multi Asset Trend Fund  5.803959   12.82703  11.980054  1.070699   2.000278  1.071429  13.920029   8.818113  11.845435  0.744431   1.307396  0.773969  13.159775
                Boronia Diversified Program  3.103657  11.700176  12.009195  0.974268    1.92856  0.984439   13.94129  10.442356  13.475171  0.774933   1.550638  0.804874  18.895275
           Quantica Managed Futures Program  5.951941    9.73047  11.884334  0.818764   1.428359  0.843184   14.54073   6.140179  12.365991  0.496538   0.801969   0.54435  23.960331
                      Systematica BlueTrend  4.492376  10.322825  12.083644  0.854281   1.432257  0.876391  27.346423   5.916411  11.946424  0.495245   0.765516  0.541474  19.370089
                    RGN Diversified Program  1.274629  18.200867  11.990359  1.517958   3.276483  1.462256  14.598737  -9.979991  10.125404 -0.985639  -1.126294 -0.984716  19.147078
  Drury Diversified Trend-Following Program  0.922626    5.24719  12.023268   0.43642    0.70546  0.484961  18.243556  -8.499415   9.255035 -0.918356  -1.031694   -0.9114  17.036958
                  Auspice Diversified Trust  0.946796   6.944801  11.978416  0.579776   1.135513  0.619791   11.70017 -10.035829   9.233903 -1.086846  -1.208604 -1.095464  20.882839
          Higher Moment Capital Aurora Fund  4.148821   13.03092  11.994282  1.086428   1.807349   1.08625  16.938821   6.596254  14.096499  0.467936   0.678829  0.524759  16.541074
            FORT Global Diversified Program  1.428889  14.078438  11.960286  1.177099   2.546856  1.165044   9.581527 -13.064171  16.070833 -0.812912  -0.855541 -0.782105  27.380279
                              AHL Evolution  6.250429  13.860044   11.88843  1.165843   2.241872  1.156113  12.553865  10.748796  12.038097  0.892898   1.699712  0.910355   9.794289
      AlphaSimplex Managed Futures Strategy  1.846482   6.871418  12.058989  0.569817   0.958511  0.612031  31.826618  -7.672523  12.390313 -0.619236  -0.780611 -0.580994  27.891253
                 Millburn Commodity Program  5.191584  14.089701  11.908512  1.183162    2.46372  1.171211  18.972718   9.676148   12.10522  0.799337   1.543225   0.82483   15.78006
                                ISAM Vector  2.293456  10.500555  12.027948  0.873013    1.57961  0.892846  25.296214  -2.437424  12.728865 -0.191488  -0.275032 -0.131308  18.704396
                       ROW Diversified Fund  1.821936   8.041674  12.055329  0.667064   1.170507  0.702892  24.266395  -1.039879  11.599666 -0.089647  -0.123191 -0.032944   15.67152
                      Altiq Futures Program  1.853577  12.323238  12.030702  1.024316   1.829703   1.02996  24.290267 -13.501041  10.648675 -1.267861  -1.366498 -1.301374  35.872427
               John Street Vantage Strategy  1.511506  13.532169  11.996871  1.127975   2.214647    1.1218   9.028006   5.061574   12.74604   0.39711   0.669267  0.448546   7.821536
                           Dormouse Density  2.870307  10.798623  11.887291  0.908417   1.677056  0.924541  12.772906   2.774541    12.5282  0.221464   0.323688  0.280751   19.82792
                        Crossborder Kintore   0.96873    5.11326  11.943484  0.428121   0.742007  0.476233  19.825356   6.737227  18.157508  0.371044   0.607108  0.446705  19.488486
            Systematica Alternative Markets  2.952018  14.398389    11.9144  1.208486   2.139689  1.194519  13.643956   5.518241  13.084969  0.421724   0.673904  0.475658  16.570151
            John Street Systematic Strategy  2.550867   12.63498  11.924608  1.059572   1.856534  1.061634  13.409977   4.696382  11.897901  0.394724   0.614167  0.444699  21.887063
    HYDRA Platform Metori Global Trend Cell  0.461869   9.392649       12.0  0.782721   1.528763   0.80825  15.659065   8.206032   6.169977  1.329994   4.597411  1.310238   1.883425
                      Crabel Gemini Program  0.933437  10.236912  11.913126  0.859297   1.769933  0.878916   9.480013   3.206515   8.279694  0.387275   0.600634  0.421315    7.86047
                      Gresham ACAR Strategy  2.856164  17.090173  11.922678  1.433417   3.162099  1.390168  13.141993   6.144991  11.661915  0.526928   0.909815  0.569437  25.314933
                               Welton Trend  1.621526  16.488272   11.91285  1.384075   3.106076  1.347254  11.856186   7.911223   12.18812  0.649093   1.199124  0.685036  21.763323
     Rotella Qdeck Systematic Trend Program  1.034999  15.208674  11.934479  1.274348   2.665615  1.251123  10.991946   6.490492   19.87014  0.326645   0.629323  0.408323  13.553683
                 Trend Plus Strategy (PGIM)  1.412817  13.734383  11.899789   1.15417   2.347779   1.14536   10.66928   8.507653   12.68692  0.670585   1.175582  0.706793  17.619228
                             Episteme Trend  0.582648   14.74529       12.0  1.228774   2.256193  1.210722  11.028396  -3.825409  13.332395 -0.286926  -0.345264  -0.22897  10.274698
  Global Tactical Allocation Program (GTAP)  0.584851   14.87027       12.0  1.239189   2.793625  1.218963   5.831585   6.986319  13.285072  0.525877    0.85635  0.570645   6.152884
PIMCO TRENDS Managed Futures Strategy Fund6  0.490594  16.549383       12.0  1.379115   2.473729  1.342536   7.912461  11.811644  23.245101  0.508135   0.806389  0.590591  13.718197
                  Florin Court Capital Fund  1.642235  18.365206  11.888771  1.544752     3.2378  1.486285  11.813094   -3.16502  12.104415 -0.261476  -0.353552 -0.206208  25.429617
               SMN Diversified Futures Fund  1.070631  17.325309  11.915392  1.454028   3.663135  1.407314   9.940421  -3.341533   9.543553 -0.350135  -0.490171 -0.310027  19.124659
               Mulvaney Global Markets Fund  1.105873  17.279382  11.917149  1.449959   2.960129  1.404051   7.607217  16.619335  16.145072  1.029375   2.675863  1.031729  12.403601
                   Winton Diversified Macro  0.553625  19.121025       12.0  1.593419   2.935487  1.526823   8.484659  -5.990615   8.577308 -0.698426  -0.930878 -0.679148  12.114556
       Aspect Alternative Markets Programme  0.528949  17.849049       12.0  1.487421   2.473838   1.43684  15.802547   -7.67362   8.485469 -0.904325   -1.14349 -0.899011   9.158002
                       CFM ISTrends Program  0.516549  17.427107       12.0  1.452259   2.808537  1.405406   6.661426  10.101591   7.988508  1.264515   3.164662  1.245434   3.626174