    Period      cagr      vol    sharpe   sortino  information_ratio  max_drawdown  ir_HFRXSDV Base  ir_SG Trend Index  ir_Efficient Capital Best Trend 15v  ir_Abrdn MOSERS Trend
2008-02-29  0.719024 0.358649  1.794629  3.498777           1.578947      0.173563         1.501173           1.689689                                  NaN                    NaN
2008-02-29  0.813418 0.358822  2.053976  5.744365           1.731703      0.110034         1.421336           1.990261                                  NaN                    NaN
2008-02-29  0.614126 0.213870  2.547073  6.775656           2.166445      0.038740         1.528332           2.423493                                  NaN                    NaN
2008-02-29  0.632428 0.208756  2.694658  7.444893           2.271832      0.033821         1.586890           2.602525                                  NaN                    NaN
2008-02-29  1.134431 0.246584  4.237135  9.110483           3.103128      0.004753         2.536918           2.239246                                  NaN                    NaN
2008-02-29 -0.168307 0.446303 -0.464123 -0.596456          -0.298518      0.374004        -0.480432          -0.961772                                  NaN                    NaN
2008-02-29  1.553173 0.382680  3.784042 12.470922           2.590552      0.043805         2.322014           2.844677                                  NaN                    NaN
2008-02-29  0.183311 0.206803  0.627171  0.996707           0.688526      0.136252         0.217421          -0.096895                                  NaN                    NaN
2009-02-28  0.503855 0.379850  1.274802  2.801804           1.219493      0.146418         0.518506           1.326807                             0.609999                    NaN
2009-02-28  0.519489 0.185010  2.703479  8.614446           2.311305      0.074377         0.723370           3.401122                             1.299986                    NaN
2009-02-28  0.359358 0.266665  1.278799  2.653816           1.232488      0.101850         0.292296           1.333464                             0.328568                    NaN
2009-02-28  0.127912 0.178724  0.627173  1.091746           0.678883      0.135890        -0.544338           0.382336                            -1.055049                    NaN
2009-02-28  0.152045 0.183242  0.741295  1.326740           0.782482      0.136523        -0.445815           0.604561                            -0.857652                    NaN
2009-02-28  0.518204 0.172798  2.864534  6.965572           2.442812      0.071337         1.551501           1.975956                             1.137983                    NaN
2009-02-28 -0.018908 0.163477 -0.197475 -0.252540          -0.122810      0.158538        -1.096356          -0.969859                            -2.002111                    NaN
2009-02-28  0.755904 0.300116  2.430562  6.908381           1.996607      0.124315         0.951597           1.716705                             1.189931                    NaN
2010-02-28 -0.113201 0.233848 -0.491015 -0.680802          -0.411911      0.167666         0.051971          -0.195853                             0.729043                    NaN
2010-02-28 -0.271255 0.160586 -1.698422 -1.624585          -1.881184      0.258660        -0.875836          -2.215732                            -0.891835                    NaN
2010-02-28  0.090657 0.209003  0.424623  0.736835           0.503020      0.117235         0.894174           1.418634                             3.327573                    NaN
2010-02-28 -0.132820 0.184290 -0.729203 -1.063947          -0.695849      0.158004        -0.082511          -0.565802                             0.792857                    NaN
2010-02-28 -0.125869 0.189728 -0.671747 -1.003557          -0.629689      0.156958        -0.039259          -0.463326                             0.863499                    NaN
2010-02-28 -0.322733 0.406900 -0.796391 -0.989399          -0.755471      0.361814        -0.437357          -0.733422                            -0.350844                    NaN
2010-02-28 -0.216066 0.284456 -0.764879 -0.951560          -0.721407      0.251377        -0.292342          -0.660411                            -0.041674                    NaN
2010-02-28  0.230300 0.299772  0.760837  1.343433           0.827128      0.196197         1.290082           0.958694                             1.417971                    NaN
2011-02-28  0.312761 0.206314  1.507669  3.715355           1.418184      0.066993         0.845459           0.905358                             0.330581                    NaN
2011-02-28  0.406351 0.226729  1.782960  4.191016           1.619421      0.111544         1.224538           1.593820                             0.926777                    NaN
2011-02-28  0.335286 0.244381  1.364098  2.237901           1.306253      0.140127         0.988721           0.999048                             0.479574                    NaN
2011-02-28  0.386684 0.190880  2.015782  4.704422           1.814429      0.062406         1.171030           1.937723                             0.877157                    NaN
2011-02-28  0.390961 0.189121  2.057039  4.923881           1.846250      0.061299         1.202068           1.999700                             0.915219                    NaN
2011-02-28  0.373629 0.268059  1.386986  3.118026           1.314035      0.090303         0.928137           0.680741                             0.387554                    NaN
2011-02-28  0.582080 0.211999  2.735698  7.442884           2.293345      0.056968         1.651798           1.863952                             1.258355                    NaN
2011-02-28 -0.160970 0.187861 -0.863226 -1.011749          -0.847271      0.180473        -0.896759          -1.571090                            -2.034616                    NaN
2012-02-29 -0.037587 0.289013 -0.132730 -0.185393          -0.000011      0.153215        -0.005101           0.299521                             0.450109                    NaN
2012-02-29 -0.157080 0.204558 -0.771329 -0.936404          -0.738123      0.267907        -0.563638          -0.822182                            -0.600684                    NaN
2012-02-29 -0.038643 0.220979 -0.178364 -0.246524          -0.078631      0.204901        -0.067757           0.321954                             0.664436                    NaN
2012-02-29  0.123905 0.209477  0.587385  1.067923           0.650765      0.122968         0.527093           1.516700                             2.270942                    NaN
2012-02-29  0.108536 0.201515  0.534387  0.945954           0.600554      0.120100         0.480680           1.481842                             2.313343                    NaN
2012-02-29 -0.212052 0.228196 -0.932218 -1.072027          -0.930841      0.254541        -0.751097          -0.938906                            -0.809176                    NaN
2012-02-29 -0.183124 0.238272 -0.771344 -0.885356          -0.730111      0.219730        -0.656023          -0.579935                            -0.437412                    NaN
2012-02-29 -0.259046 0.302468 -0.858546 -1.118223          -0.844224      0.392241        -0.772763          -0.850310                            -0.797546                    NaN
2012-02-29 -0.106059 0.172027 -0.621049 -0.895175          -0.575962      0.184208        -0.429033          -0.330352                            -0.158696                    NaN
2012-02-29  0.497884 0.262333  1.892666  4.183375           1.678260      0.098418         1.816404           1.850745                             1.920199                    NaN
2013-02-28 -0.056992 0.275004 -0.211009 -0.416280          -0.099257      0.150447         0.124982          -0.038052                            -0.127435                    NaN
2013-02-28  0.007876 0.264427  0.025621  0.041401           0.144450      0.183691         0.346519           0.348081                             0.315867                    NaN
2013-02-28  0.105955 0.240468  0.435683  0.687523           0.526025      0.106315         0.670110           0.997437                             1.068483                    NaN
2013-02-28 -0.055437 0.194711 -0.290039 -0.409575          -0.208922      0.159639         0.102067          -0.204052                            -0.417171                    NaN
2013-02-28 -0.018966 0.230906 -0.086789 -0.136133           0.016054      0.166922         0.249466           0.164554                             0.077175                    NaN
2013-02-28 -0.138376 0.155691 -0.894695 -1.017345          -0.884320      0.184424        -0.360088          -1.230168                            -1.077140                    NaN
2013-02-28  0.062941 0.177635  0.347863  0.697390           0.416499      0.072699         0.621305           0.969795                             0.817736                    NaN
2013-02-28  0.082802 0.303633  0.268848  0.432082           0.397397      0.150364         0.564569           0.674360                             0.742032                    NaN
2013-02-28 -0.303191 0.214980 -1.414068 -1.399628          -1.556453      0.323414        -1.079461          -2.195654                            -2.311085                    NaN
2013-02-28 -0.128324 0.176628 -0.732159 -0.908595          -0.698084      0.157365        -0.255920          -0.642558                            -0.647636                    NaN
2014-02-28  0.098680 0.249065  0.392119  0.595345           0.490734      0.141257         0.563278           0.945855                             1.370479                    NaN
2014-02-28  0.020090 0.197153  0.097301  0.141064           0.187169      0.141302         0.289174           0.766059                             1.507764                    NaN
2014-02-28 -0.300954 0.288180 -1.046288 -1.135942          -1.086767      0.374686        -1.006655          -1.140800                            -0.964272                    NaN
2014-02-28  0.074284 0.268638  0.272991  0.449873           0.385731      0.243453         0.460688           0.827146                             1.351836                    NaN
2014-02-28  0.125597 0.297962  0.418146  0.699282           0.531417      0.246573         0.596465           0.974889                             1.469757                    NaN
2014-02-28 -0.092590 0.208987 -0.446761 -0.539985          -0.368422      0.212785        -0.270178          -0.100670                             0.174366                    NaN
2014-02-28 -0.030732 0.180975 -0.174520 -0.300572          -0.097186      0.152125         0.007460           0.295125                             0.562143                    NaN
2014-02-28 -0.015763 0.189983 -0.087531 -0.134234          -0.002706      0.161073         0.100351           0.370224                             0.724198                    NaN
2014-02-28 -0.126609 0.233698 -0.544984 -0.751690          -0.473416      0.268415        -0.382221          -0.314826                            -0.006988                    NaN
2014-02-28 -0.056059 0.208974 -0.272240 -0.407392          -0.185262      0.173104        -0.098363           0.083447                             0.252584                    NaN
2015-02-28  0.468040 0.147119  3.176733 15.175921           2.712809      0.027996         2.133004           1.453538                            -0.010506                    NaN
2015-02-28  0.663959 0.215162  3.082548 13.555399           2.507620      0.000000         2.172546           2.090682                             1.647153                    NaN
2015-02-28  0.495023 0.248223  1.991085  6.201688           1.753229      0.050556         1.433033           0.828473                             0.174183                    NaN
2015-02-28  0.657354 0.252612  2.599284  7.837757           2.151538      0.079110         1.799102           1.441217                             0.876430                    NaN
2015-02-28  0.584053 0.264995  2.201205  6.792369           1.882685      0.097924         1.599380           1.114242                             0.573753                    NaN
2015-02-28  0.362885 0.176478  2.052223  4.583066           1.853839      0.066610         1.415311           0.533527                            -0.813581                    NaN
2015-02-28  0.790275 0.217808  3.623816 11.057026           2.833405      0.005921         2.650090           2.560623                             2.319640                    NaN
2015-02-28  0.270612 0.202648  1.331869  2.350493           1.283961      0.075045         0.974905          -0.101281                            -1.134804                    NaN
2015-02-28  0.961269 0.323175  2.971385  8.800043           2.282898      0.088293         2.064023           1.959307                             1.800134                    NaN
2015-02-28  0.050312 0.271628  0.183480  0.281793           0.305873      0.205256         0.070180          -0.664914                            -1.035301                    NaN
2016-02-29 -0.304303 0.406789 -0.749020 -0.927082          -0.683530      0.453754        -0.622756          -0.784161                            -0.697812                    NaN
2016-02-29 -0.129787 0.285960 -0.455317 -0.634074          -0.354784      0.301181        -0.330597          -0.456829                            -0.086898                    NaN
2016-02-29 -0.215615 0.260584 -0.828943 -0.982772          -0.802618      0.315508        -0.686660          -1.185759                            -1.095637                    NaN
2016-02-29 -0.038976 0.352032 -0.111851 -0.166103           0.047522      0.239164         0.023526           0.132781                             0.508640                    NaN
2016-02-29 -0.062173 0.318808 -0.196286 -0.282431          -0.056160      0.204107        -0.064916          -0.005455                             0.384220                    NaN
2016-02-29  0.228368 0.447237  0.509638  0.950725           0.661109      0.228525         0.612101           0.848638                             1.107152                    NaN
2016-02-29  0.218599 0.367210  0.594238  1.386283           0.698774      0.177513         0.626302           0.964519                             1.335839                    NaN
2016-02-29 -0.178655 0.262920 -0.681031 -0.791436          -0.615754      0.271018        -0.562367          -0.847944                            -0.422562                    NaN
2016-02-29 -0.099407 0.276457 -0.361104 -0.509075          -0.252471      0.247056        -0.232808          -0.249507                             0.098740                    NaN
2016-02-29 -0.030444 0.220682 -0.139851 -0.203105          -0.040664      0.169835        -0.057288           0.060886                             0.814888                    NaN
2017-02-28 -0.021462 0.211468 -0.116336 -0.196598          -0.023216      0.162002         0.218058           0.760484                             0.469311                    NaN
2017-02-28 -0.216583 0.205124 -1.068006 -1.252455          -1.098303      0.254150        -0.742380          -1.028002                            -1.601994                    NaN
2017-02-28 -0.109681 0.227746 -0.494080 -0.783575          -0.420697      0.156884        -0.147141           0.073859                            -0.459335                    NaN
2017-02-28 -0.145173 0.206785 -0.715218 -0.963509          -0.674344      0.135210        -0.336992          -0.289062                            -1.002849                    NaN
2017-02-28 -0.324430 0.237350 -1.375566 -1.492030          -1.528426      0.294488        -1.144732          -1.346987                            -1.568744                    NaN
2017-02-28 -0.069254 0.308154 -0.234477 -0.386146          -0.105337      0.257699         0.069576           0.323321                             0.093844                    NaN
2017-02-28 -0.237134 0.249977 -0.958446 -1.210517          -0.968990      0.263298        -0.703801          -0.841174                            -1.251571                    NaN
2017-02-28 -0.075088 0.238508 -0.327310 -0.494568          -0.231878      0.176219         0.004579           0.307000                            -0.037588                    NaN
2017-02-28 -0.260231 0.146724 -1.788955 -1.715219          -1.980260      0.196420        -1.248610          -2.550030                            -2.852306                    NaN
2017-02-28 -0.161078 0.474531 -0.345207 -0.608639          -0.171882      0.227807        -0.047496           0.059446                            -0.082667                    NaN
2018-02-28  0.228366 0.280184  0.779074  1.394119           0.835542      0.106345         0.501788           1.338726                             0.969369                    NaN
2018-02-28 -0.023734 0.349157 -0.091977 -0.127227           0.073529      0.218752        -0.123892           0.153319                            -0.230611                    NaN
2018-02-28 -0.021355 0.195114 -0.152199 -0.201639          -0.063733      0.116475        -0.360645          -0.138626                            -2.528011                    NaN
2018-02-28  0.034805 0.310442  0.083629  0.117597           0.229152      0.189721        -0.009232           0.460785                             0.000730                    NaN
2018-02-28 -0.074312 0.192062 -0.428186 -0.548005          -0.356503      0.114377        -0.606624          -0.395781                            -0.982406                    NaN
2018-02-28 -0.032441 0.298183 -0.136508 -0.184822          -0.000470      0.143700        -0.219730           0.032166                            -0.528484                    NaN
2018-02-28  0.195083 0.334091  0.553742  0.895754           0.665484      0.170875         0.384306           1.088286                             0.750247                    NaN
2018-02-28  0.045870 0.290727  0.127256  0.178485           0.260139      0.149708         0.003277           0.536779                             0.034915                    NaN
2018-02-28 -0.001840 0.273769 -0.037830 -0.052963           0.089994      0.164658        -0.155286           0.235034                            -0.438204                    NaN
2018-02-28 -0.023761 0.122003 -0.262496 -0.370788          -0.211260      0.087164        -0.539719          -0.143925                            -0.573000                    NaN
2019-02-28 -0.204278 0.088787 -2.466440 -2.003415          -2.713932      0.207166        -0.742281          -1.572309                            -2.735174                    NaN
2019-02-28 -0.014975 0.232099 -0.144237 -0.187798          -0.035125      0.193374         0.532826           0.397097                            -0.035175                    NaN
2019-02-28  0.004029 0.182955 -0.080921 -0.120808           0.002540      0.107339         0.674313           0.645365                             0.017365                    NaN
2019-02-28  0.007858 0.153796 -0.071801 -0.102414          -0.000997      0.113039         0.706134           0.615892                             0.016151                    NaN
2019-02-28 -0.218126 0.233805 -0.997391 -1.154381          -1.011801      0.199860        -0.390780          -0.793970                            -1.267953                    NaN
2019-02-28  0.034624 0.109643  0.139955  0.223023           0.188795      0.087827         0.977010           0.793557                             0.191528                    NaN
2019-02-28 -0.146263 0.156007 -1.039646 -1.094408          -1.050517      0.235033        -0.130294          -0.704029                            -1.578867                    NaN
2019-02-28 -0.037919 0.230770 -0.242863 -0.394270          -0.146104      0.143953         0.419293           0.259059                            -0.133202                    NaN
2019-02-28 -0.171457 0.171841 -1.088991 -1.310110          -1.116429      0.237813        -0.258467          -0.903822                            -1.541671                    NaN
2019-02-28 -0.210099 0.255513 -0.881485 -1.038287          -0.866747      0.252047        -0.284457          -0.723298                            -1.147452                    NaN
2020-02-29  0.793371 0.274676  2.764018  7.697515           2.226776      0.110435         1.910091           2.752180                             2.874591                    NaN
2020-02-29  0.381643 0.288800  1.228508  2.480149           1.194959      0.135559         0.908221           1.119928                             1.270040                    NaN
2020-02-29 -0.005763 0.281815 -0.093514 -0.151510           0.031830      0.254225        -0.256592          -0.528435                            -0.690649                    NaN
2020-02-29 -0.073238 0.282489 -0.327906 -0.431859          -0.207462      0.273301        -0.495666          -0.768700                            -0.954057                    NaN
2020-02-29  0.469950 0.363897  1.210343  2.279336           1.184718      0.281838         0.968509           1.094734                             0.944092                    NaN
2020-02-29  0.034121 0.271297  0.046646  0.073789           0.170777      0.260554        -0.111033          -0.264329                            -0.311587                    NaN
2020-02-29  0.305937 0.330988  0.843634  1.714163           0.898233      0.145328         0.652888           0.601889                             0.458965                    NaN
2020-02-29  0.241639 0.193916  1.116795  2.069293           1.107294      0.131960         0.714968           0.864669                             0.530215                    NaN
2020-02-29  0.360393 0.322499  1.034221  2.031226           1.047338      0.206359         0.843750           1.035375                             0.969938                    NaN
2021-02-28  0.173556 0.128541  1.319352  4.476784           1.283696      0.039037         1.146833           0.767822                             0.842147               0.092986
2021-02-28  0.430091 0.271812  1.560742  3.545127           1.441121      0.127881         1.464355           1.374095                             2.014193               1.148664
2021-02-28 -0.312759 0.285656 -1.104145 -1.324396          -1.175153      0.359299        -1.194334          -1.765096                            -1.870367              -1.989540
2021-02-28 -0.053581 0.135144 -0.423524 -0.603903          -0.373160      0.080899        -0.350007          -0.994772                            -0.653245              -1.323143
2021-02-28  0.043959 0.258441  0.154346  0.268403           0.267150      0.229104         0.232703          -0.066598                             0.157129              -0.383674
2021-02-28  0.359628 0.303793  1.163032  2.382470           1.143985      0.135720         1.119811           1.014472                             1.352312               0.796918
2021-02-28  0.095554 0.172312  0.530767  0.914734           0.588091      0.116381         0.526757           0.126919                             0.381126              -0.472356
2021-02-28  0.110545 0.219467  0.483485  0.895239           0.560304      0.115598         0.512839           0.237844                             0.434298              -0.199875
2021-02-28  0.088181 0.239835  0.349981  0.697671           0.443151      0.158995         0.401975           0.126331                             0.337757              -0.298890
2021-02-28 -0.063365 0.239081 -0.280802 -0.479129          -0.184341      0.136197        -0.180099          -0.672906                            -0.337842              -0.927157
2022-02-28 -0.188450 0.210118 -0.896879 -1.119007          -0.888327      0.222801        -0.772500          -1.793790                            -1.649016              -0.803821
2022-02-28 -0.234907 0.205294 -1.144248 -1.291179          -1.194368      0.328563        -1.183658          -1.781822                            -1.861748              -1.045670
2022-02-28  0.436992 0.175923  2.484003  5.672045           2.171861      0.072487         1.991945           2.404181                             2.884951               4.116162
2022-02-28 -0.008028 0.181585 -0.044213 -0.062679           0.040017      0.127378         0.044326          -0.719723                            -0.682149               0.398730
2022-02-28  0.104887 0.219106  0.478704  0.767317           0.557621      0.140392         0.583633          -0.048486                             0.062471               0.744427
2022-02-28  0.213938 0.207396  1.031543  1.801949           1.037839      0.112936         0.913548           0.563081                             0.943865               1.933933
2022-02-28 -0.195360 0.209214 -0.933783 -1.133163          -0.932841      0.278250        -0.938115          -1.619484                            -1.342237              -0.633761
2022-02-28 -0.116376 0.228254 -0.509851 -0.628240          -0.430789      0.228536        -0.383733          -1.175830                            -1.249918              -0.245742
2022-02-28 -0.096979 0.277758 -0.349150 -0.420140          -0.228970      0.215387        -0.196758          -0.969004                            -0.801177              -0.041365
2022-02-28  1.218160 0.218609  5.572334 61.821056           3.860241      0.027456         3.949933           3.677906                             3.487583               4.319227
2023-02-28  1.038547 0.394714  2.536327  8.722138           1.975736      0.117266         1.525653           2.243408                             2.080676               2.425761
2023-02-28  0.217588 0.364972  0.530224  1.019376           0.651043      0.260978         0.271757           0.301485                             0.027729              -0.089646
2023-02-28  0.039440 0.347391  0.057054  0.091264           0.217067      0.260651        -0.202451          -0.451666                            -0.826767              -0.967230
2023-02-28  0.213783 0.566194  0.338119  0.685774           0.551532      0.279209         0.287654           0.284173                             0.159631               0.119336
2023-02-28 -0.340452 0.391483 -0.903770 -1.071839          -0.905844      0.391339        -1.156416          -1.430200                            -1.665812              -1.687823
2023-02-28  0.438464 0.332174  1.232542  2.949753           1.192910      0.153842         0.715687           1.030162                             0.693181               0.683337
2023-02-28  0.188631 0.484273  0.342871  0.541322           0.551208      0.283286         0.265744           0.281520                             0.102051               0.035873
2023-02-28  0.060234 0.374980  0.107013  0.182326           0.274182      0.292623        -0.099310          -0.280168                            -0.591648              -0.689101
2023-02-28  0.506550 0.231484  2.079387  4.101707           1.831811      0.093617         1.036752           1.619319                             1.285843               1.012360
2023-02-28  0.314884 0.232677  1.239280  2.138458           1.208497      0.148339         0.506046           0.805939                             0.353021               0.185678
2024-02-29 -0.123303 0.169365 -0.990030 -1.230811          -0.997746      0.205079        -0.519482          -1.442772                            -1.745915              -1.387248
2024-02-29  0.268154 0.180595  1.136807  3.313202           1.120840      0.069217         1.109828           1.451223                             1.224385               1.170328
2024-02-29  0.003449 0.287051 -0.163604 -0.234542          -0.034595      0.218108         0.168935           0.029180                            -0.134713              -0.093934
2024-02-29 -0.095087 0.240708 -0.586187 -0.713756          -0.513361      0.154703        -0.227779          -0.676965                            -0.762877              -0.816914
2024-02-29 -0.085838 0.291370 -0.453641 -0.572361          -0.344811      0.150676        -0.118927          -0.444846                            -0.520962              -0.563355
2024-02-29  0.155194 0.246585  0.397333  0.707635           0.491826      0.089259         0.653536           1.005475                             0.949589               0.976969
2024-02-29  0.560656 0.297543  1.629789  7.818375           1.470761      0.071605         1.574840           2.082065                             2.170930               2.002980
2024-02-29 -0.036312 0.218298 -0.388609 -0.551292          -0.304379      0.173054        -0.022168          -0.324446                            -0.489959              -0.433085
2024-02-29 -0.067259 0.283040 -0.404230 -0.552684          -0.295399      0.158834        -0.067235          -0.316326                            -0.383577              -0.391031
2024-02-29  0.248063 0.312615  0.597288  0.907171           0.700335      0.116093         0.813718           1.006541                             0.879734               0.971798
2025-02-28 -0.131004 0.205559 -0.851289 -1.015552          -0.832546      0.240285              NaN                NaN                                  NaN                    NaN
2025-02-28 -0.195356 0.227538 -1.038299 -1.107892          -1.060990      0.287804              NaN                NaN                                  NaN                    NaN
2025-02-28 -0.329086 0.178647 -2.032063 -1.781510          -2.393667      0.364317              NaN                NaN                                  NaN                    NaN
2025-02-28 -0.127779 0.178694 -0.960894 -1.189183          -0.964098      0.240067              NaN                NaN                                  NaN                    NaN
2025-02-28  0.080802 0.123180  0.218740  0.373170           0.272188      0.097835              NaN                NaN                                  NaN                    NaN
2025-02-28  0.213456 0.166427  0.919344  2.074287           0.934449      0.075389              NaN                NaN                                  NaN                    NaN
2025-02-28 -0.138411 0.169382 -1.072194 -1.378328          -1.096819      0.205869              NaN                NaN                                  NaN                    NaN
2025-02-28  0.154689 0.379946  0.255543  0.528213           0.404543      0.246451              NaN                NaN                                  NaN                    NaN
2025-02-28 -0.365515 0.209668 -1.899672 -1.747241          -2.273559      0.379319              NaN                NaN                                  NaN                    NaN
2025-02-28 -0.222960 0.157688 -1.662755 -1.583475          -1.829964      0.247975              NaN                NaN                                  NaN                    NaN