                                       Name    Weight    IS CAGR     IS Vol IS Sharpe IS Sortino     IS IR   IS MaxDD    OS CAGR     OS Vol OS Sharpe OS Sortino     OS IR   OS MaxDD
                               Equal Weight      <NA>  21.020223  19.362251  1.085629    2.02536  1.088486  30.018138   9.375526  19.765111  0.474347   0.768868  0.552975  30.127001
                                User Weight      <NA>  22.822288   19.31797  1.181402   2.270196   1.16811  28.508433    9.33524   19.54753  0.477566   0.771296  0.555153  31.111572
                                       <NA>      <NA>       <NA>       <NA>      <NA>       <NA>      <NA>       <NA>       <NA>       <NA>      <NA>       <NA>      <NA>       <NA>
                                  Lynx Fund  4.342817  15.136232  24.834355  0.609488   1.035588  0.692708  28.827148  17.022686  27.674938  0.615094   1.058297  0.705801   31.55081
       Transtrend Diversified Trend Program  3.167753  26.382005  24.847497  1.061757   2.119521  1.071397  33.292955  18.940639   25.30676  0.748442   1.467684  0.810318   28.82179
                   Winton Diversified Macro  7.861116  16.326991  24.857865  0.656814   1.128411  0.734907  31.086381   5.657146  23.282546  0.242978   0.392124  0.351273  58.382084
                            The Winton Fund  7.324114  20.450504  24.875047  0.822129   1.476977  0.875987  31.750991   11.38537  22.904558  0.497079   0.826058  0.585789  29.471818
          Kaiser Global Diversified Program  5.042937  32.354831  25.261103  1.280816   2.269332  1.247716  31.330786  11.537903   28.68609  0.402212   0.601742  0.526447  41.395531
         Campbell Managed Futures Portfolio  2.733963  14.897029  24.806034  0.600541   1.014197  0.685369  26.620342  -1.674513  29.277853 -0.057194  -0.079182  0.091033  44.903567
                     ETC Evolution Strategy    5.1778  11.780788  24.913462  0.472868   0.803506  0.570915  50.539706  10.900114  27.443519  0.397184   0.668709  0.511415  40.456927
             Fulcrum Multi Asset Trend Fund  5.615872  23.675388   24.91873  0.950104   1.741753  0.981586  27.315297  14.160568  24.683421  0.573687   0.984646  0.659281  27.521539
                      Systematica BlueTrend  4.587185  22.769054  25.203538  0.903407   1.542964   0.94587  42.725334  12.581257  24.638618  0.510632   0.797538   0.60576  37.468607
  Drury Diversified Trend-Following Program  1.996268  19.690281  24.986455  0.788038   1.313472  0.847947  35.773426  -8.144245  26.006621  -0.31316  -0.431674 -0.197588  37.973969
                  Auspice Diversified Trust  0.997621  13.278683  24.955034  0.532104   1.042146  0.619791  23.396974 -20.646986  19.237298 -1.073279  -1.193517 -1.095464  39.754699
           Quantica Managed Futures Program  5.618307  13.560455  24.753429  0.547821   0.920097  0.638679  35.853963   6.416363  26.735974   0.23999    0.36463  0.367155  45.375351
                  FORT Global Trend Program  6.790088  14.827182   24.82269  0.597324   1.085813  0.680725  41.078841   3.551453  25.654441  0.138434   0.214152  0.263327  46.513462
                   KeyQuant Key Trends Fund  2.680551   9.368569  24.850956   0.37699   0.649621  0.482905  42.873807   4.648729  25.689723  0.180957    0.29058  0.301834  29.655537
      AlphaSimplex Managed Futures Strategy  1.825488  22.386275  24.843781  0.901082   1.685156  0.939985  38.213643 -13.270642  27.429757 -0.483805  -0.631336 -0.379458  41.625691
                AlphaQuest Original Program   1.24129  23.914081  24.812968  0.963773    1.88954  0.990905  18.464767 -10.080334  35.838038 -0.281275  -0.440716 -0.128716  32.442988
    HYDRA Platform Metori Global Trend Cell  4.414488  16.027472  24.826318  0.645584   1.200536  0.722497  39.149541  18.653679   25.85163  0.721567    1.55555  0.787268  27.921271
                                ISAM Vector   3.24447  21.875757  24.991686  0.875321   1.584369  0.920559  47.321182  -7.978342  25.057429 -0.318402  -0.454984 -0.207584  39.708261
               Mulvaney Global Markets Fund  1.841278  32.575019  24.804193  1.313287   2.552309  1.269744   22.46151  14.770745  38.543954  0.383218   0.787311  0.532451  24.645105
                               Welton Trend  3.172228  21.541074  25.003669  0.861517   1.631849  0.908019  41.043194   3.426076  22.979698  0.149091   0.228919  0.259257  49.586709
               SMN Diversified Futures Fund  1.769945  30.932699  24.842048  1.245175   2.870628  1.215028  30.483052  -4.587035  23.279125 -0.197045  -0.272194 -0.086248  36.431743
                  Man AHL Trend Alternative  2.867691   9.392047  24.788854  0.378882    0.61958  0.485485  40.854115   8.143918  26.731015  0.304662   0.499093  0.423842   27.55401
                       CFM ISTrends Program  1.575802  18.392837  25.088015  0.733132   1.223303  0.801202  32.814735    1.52063  21.071118  0.072167   0.105296  0.174726  31.121635
                   IIM Crystal Bay Ubitrend  0.559496  19.633966       25.0  0.785359   1.722365  0.837601  24.954702   -2.37614  12.200313 -0.194761  -0.280519 -0.141922   8.716401
    Revolution Mosaic Institutional Program  1.761883   7.369842   24.77588   0.29746   0.476766  0.409488  31.163837   4.805943  24.763259  0.194076   0.326344  0.307291  27.824964
       PIMCO  Managed Futures Strategy Fund   0.82658    3.48821  24.862799  0.140298   0.205417  0.262151  28.544863  17.426379  20.316447  0.857747   1.583628  0.891988  13.195966
                 Trend Plus Strategy (PGIM)  2.383519  25.834289  24.779381  1.042572   2.121131  1.055469  29.449727  21.068347  27.214029  0.774172   1.404294  0.838471  34.344042
                  Florin Court Capital Fund  2.831489  28.050618  24.919558  1.125647   2.117464  1.124256  23.881682  10.084625  26.096611  0.386434   0.639808  0.496489  47.899962
     Rotella Qdeck Systematic Trend Program  1.292005  32.088393  24.863498  1.290582   2.699574  1.251123  22.329919   9.728671  41.396125  0.235014   0.452784  0.408323  27.920862
                             Episteme Trend  1.810406  30.312723  24.768555  1.223839   1.996368  1.205213  23.102149   9.447518   24.59678  0.384096   0.553351  0.491376  21.538654
PIMCO TRENDS Managed Futures Strategy Fund6  1.042794  30.120393  24.848938   1.21214   2.064915  1.194534  20.696075   4.240187   39.39615  0.107629    0.15876  0.300684  40.721906
                SPQI Select Trading Program  1.032496  30.138791  24.829504   1.21383   2.497265  1.191652  16.793446  -1.521825  25.345749 -0.060043  -0.084989  0.063332  24.797508
               Aspect Diversified Programme  0.570259  35.278858       25.0  1.411154   2.627197  1.344425  16.630028 -13.100383  20.555896 -0.637305  -0.802317 -0.583729  24.028493