                                     Name    Weight    IS CAGR     IS Vol IS Sharpe IS Sortino     IS IR   IS MaxDD    OS CAGR     OS Vol OS Sharpe OS Sortino     OS IR   OS MaxDD
                             Equal Weight      <NA>  14.436369   8.333097  1.732413   3.923111  1.668396  10.005005   5.614282   8.654673  0.648699   1.067041   0.67554  13.765129
                              User Weight      <NA>  14.436369   8.333097  1.732413   3.923111  1.668396  10.005005   5.614282   8.654673  0.648699   1.067041   0.67554  13.765129
                                     <NA>      <NA>       <NA>       <NA>      <NA>       <NA>      <NA>       <NA>       <NA>       <NA>      <NA>       <NA>      <NA>       <NA>
           Fulcrum Multi Asset Trend Fund  3.472222  16.674353  11.889587  1.402433   2.733165  1.363904   11.31711   10.01923  11.743798  0.853151   1.584361  0.873164   12.37279
        Kaiser Global Diversified Program  2.777778  19.042702  11.957285  1.592561   2.867366  1.527645  12.406606  14.869171  14.046285  1.058584   1.719944  1.061772  18.444434
           FORT Global Contrarian Program  3.472222  15.750917   11.92025  1.321358   2.602642  1.293219  13.671616   3.486679  10.768859  0.323774   0.468434  0.372029  12.761685
                          The Winton Fund  4.166667   12.41522  11.938786  1.039906   1.942253  1.043868  12.696847   8.175612   11.17236  0.731771   1.316929   0.76022   9.672773
       Campbell Managed Futures Portfolio  1.388889  12.541337  11.914268  1.052632   2.094726    1.0543  12.132883  -8.739547  16.900316 -0.517123  -0.643742 -0.456701  21.965001
     Transtrend Diversified Trend Program  2.777778  13.854602  11.908824   1.16339   2.384888  1.153636  11.264919  12.958634  12.648408  1.024527   2.152619  1.028923  14.554502
                 Winton Diversified Macro  2.777778  13.389535  11.915416  1.123715   2.059122   1.11882   10.20748   4.624602  10.066808  0.459391   0.779284  0.498898  11.988735
                                Lynx Fund  1.388889  10.692431  11.917579  0.897198   1.719768  0.913826   9.395723   7.069279   15.77136  0.448235   0.708714  0.509906   9.604489
                    Systematica BlueTrend  2.777778  17.715519   11.88134  1.491037   3.029008  1.440424  10.742208  12.360556  12.037183  1.026865   1.882387  1.031284   9.313584
                      Conquest Macro Fund  0.694444  15.430462       12.0  1.285872   2.782473  1.260076  11.382476  22.113954  12.847014   1.72133   3.367541  1.626783   4.853251
                   ETC Evolution Strategy  1.388889  13.372133  11.921108  1.121719   2.308197  1.115762   8.044836  15.923091   12.74721  1.249143   2.430884  1.226489  10.963894
         Quantica Managed Futures Program  4.166667   10.25362  11.882775  0.862898   1.570716  0.883274  13.800996   3.503987  12.710796   0.27567   0.408409  0.334577   30.38034
              Boronia Diversified Program  3.472222  15.407859  11.986914   1.28539   2.502655  1.261556  15.662987   2.753464  16.742761  0.164457   0.266278  0.243639  25.896494
                  RGN Diversified Program  1.388889   17.94031  11.971692  1.498561    3.19403   1.44574  14.459345  -8.229874  10.047851 -0.819068  -0.955316 -0.802933  18.008694
Drury Diversified Trend-Following Program  1.388889  13.049912  11.916333  1.095128    2.39159  1.091737   7.139337  -3.688474  10.270938 -0.359117  -0.466134 -0.315867  13.847338
               Trend Plus Strategy (PGIM)  2.083333  13.194927  11.911793   1.10772   2.429524  1.103593  12.339593  -2.172358   10.73635 -0.202337  -0.294518 -0.152475  19.422915
                Auspice Diversified Trust  0.694444   13.89914       12.0  1.158262   3.219689  1.146553   7.060606  -1.429107   7.248275 -0.197165  -0.305824 -0.165417   7.592688
                            AHL Evolution  7.638889  14.484745  11.864088   1.22089   2.432756  1.204786  11.853617  11.821061  12.242747  0.965556   1.772531  0.976869   9.907015
          FORT Global Diversified Program  2.777778  14.469251  11.930307  1.212815   2.625047    1.1971  11.416294   0.165906  12.435922  0.013341   0.016022  0.078548  19.702088
              FORT Global Futures Program  2.083333  15.962394  11.939776  1.336909    3.09581  1.305763  11.123422   5.424772   8.807798  0.615906   0.972071   0.64389   11.46878
                FORT Global Trend Program  2.083333  14.085692   11.94143  1.179565   2.777448  1.167109  10.185387   4.938054   8.636186  0.571786   0.901103  0.601215  10.558972
        Higher Moment Capital Aurora Fund  2.777778  17.630034  11.949019  1.475438   2.601026  1.427459  16.673477  10.490497  14.372035  0.729924    1.09418  0.768184  16.794072
       GAM Systematic Multi Strategy Fund  0.694444   8.361297       12.0  0.696775    1.26229  0.729132   6.936779 -26.694686   16.13372  -1.65459  -1.580549 -1.823648  26.719656
                            AHL Dimension  2.083333  12.369074  11.885526  1.040684    1.61113  1.045599  13.243475  -6.461435  13.877873 -0.465593  -0.606547 -0.412173  32.441462
              AlphaQuest Original Program  0.694444   9.402768       12.0  0.783564    1.44963   0.80929   9.392465   -2.64333  16.809652 -0.157251  -0.224327 -0.081922  11.070029
    AlphaSimplex Managed Futures Strategy  0.694444    8.46012       12.0   0.70501    1.29882  0.736512  13.329801  -4.417178  15.789781 -0.279749  -0.424259 -0.214617  16.122501
               Millburn Commodity Program  4.166667  14.048434  11.879338  1.182594   2.420094  1.170767  15.792023  10.920427  12.533066  0.871329   1.665324  0.891339  17.523766
                    Altiq Futures Program  2.083333  11.358397    11.9228  0.952662   1.652859  0.965271  24.140041  -8.001627  11.947511 -0.669732  -0.844361  -0.63726  32.731008
                     ROW Diversified Fund  1.388889  11.731528  11.917628  0.984384   2.027645  0.992652  10.817128     1.2004  11.612776  0.103369   0.155271  0.158202  15.919997
             Mulvaney Global Markets Fund  1.388889  14.917567  11.939027  1.249479   2.246526  1.229913  10.923265  14.000361  23.767746  0.589049   1.293777  0.662584   14.68832
  HYDRA Platform Metori Global Trend Cell  2.777778   9.581922  11.876859  0.806772   1.529599  0.831421  17.517095  -0.396253   8.948222 -0.044283  -0.070326 -0.000969  14.171459
             John Street Vantage Strategy  2.083333   11.43519  11.924989  0.958927   1.832912  0.970278   10.18564   8.285984  13.121922  0.631461   1.106478   0.67177   8.360291
                         Dormouse Density  2.083333  12.414144  11.900322  1.043177    2.16479  1.045709  12.742341   7.149877   8.369839  0.854243   1.428273  0.868068   8.711143
          John Street Systematic Strategy  3.472222  11.736652  11.898838   0.98637   1.785258  0.995549  10.842949   7.791559  11.883789  0.655646    1.08576  0.691448  10.452412
       GSAM Managed Futures Strategy Fund  0.694444   6.367407       12.0  0.530617   0.871897  0.573624  11.904754  -3.386772  11.548939 -0.293254  -0.437215 -0.245278  12.013798
          Systematica Alternative Markets  2.083333  15.026035  11.934792  1.259011    2.28253  1.238625   12.00608  15.180334  12.742148  1.191348   2.714124  1.176189  12.726068
                      Crossborder Kintore  0.694444   8.132998       12.0   0.67775   1.450449  0.710189  12.331909   1.776705  17.173346  0.103457   0.160346  0.181205  14.441502
     PIMCO  Managed Futures Strategy Fund  0.694444    6.61644       12.0   0.55137   0.921487   0.59334  13.222151   3.631872   9.918661  0.366166   0.551532  0.405847   5.438159
Global Tactical Allocation Program (GTAP)  1.388889  14.510912  11.921968  1.217157   2.480692  1.200892   7.781074  -0.670792  11.335784 -0.059175  -0.090794 -0.005387  12.822994
                           Episteme Trend  0.694444  12.569262       12.0  1.047438   1.882374  1.049486  10.514486  -3.310439  12.841677 -0.257789  -0.313841 -0.201169   9.778104
                    Crabel Gemini Program  0.694444  11.507473       12.0  0.958956   2.126934  0.968622   8.288512   7.355254   7.809712  0.941809   1.664323  0.947122   3.819366
                    Gresham ACAR Strategy  2.777778  17.284735  11.928554  1.449022   3.174773  1.403621  13.173336   7.328954   11.93831  0.613902   1.078256  0.652065  21.106716
   Rotella Qdeck Systematic Trend Program  0.694444  18.186215       12.0  1.515518   3.688634   1.45902   6.671528  16.947332  26.180601  0.647324   1.470363  0.715646  10.571918
                Florin Court Capital Fund  2.083333  16.989349  11.889287  1.428963   2.952536   1.38655  11.585701   1.434599  11.726444  0.122339   0.176458  0.178834  21.664435
                             Welton Trend  1.388889   16.93673  11.923611  1.420436   3.162237   1.37857  10.068087   2.629227  12.954825  0.202953   0.354488  0.261563  21.197132
                              ISAM Vector  1.388889   15.04825  11.919046  1.262538   2.308151  1.241427  12.232722   4.808022  14.073558  0.341635   0.568788  0.401134  16.830849
              SPQI Select Trading Program  0.694444   17.32184       12.0  1.443487   3.397151  1.397179   7.739225    9.51668   15.77696  0.603201   0.955248  0.651442   8.747908
               SMN Structural Alpha Trend  1.388889  16.894997  11.915273  1.417928   3.261116  1.376191    9.15659  -8.155226  11.246786 -0.725116  -1.008457 -0.700842  26.807356
             SMN Diversified Futures Fund  0.694444  16.576283       12.0  1.381357   3.465866  1.343287   9.870517  -9.473683   9.149138 -1.035473  -1.180641 -1.040947  15.690699
                     CFM ISTrends Program  0.694444  15.413671       12.0  1.284473    2.37218   1.25948   6.975583  21.547616  10.799387  1.995263   6.446493  1.870054   3.796882