    Period      cagr      vol    sharpe   sortino  information_ratio  max_drawdown  ir_HFRXSDV Base  ir_SG Trend Index  ir_Efficient Capital Best Trend 15v  ir_Abrdn MOSERS Trend
2007-12-31  0.164502 0.099337  1.103018  1.829069           1.096982      0.065164         0.167807           0.362957                                  NaN                    NaN
2007-12-31  0.334014 0.143674  1.898797  3.417558           1.762280      0.101729         0.875842           1.179888                                  NaN                    NaN
2007-12-31  0.045751 0.148286 -0.023194 -0.031552           0.045431      0.127617        -0.350644          -0.459431                                  NaN                    NaN
2007-12-31  0.136720 0.105455  0.798131  1.341258           0.817152      0.074190         0.027820           0.406743                                  NaN                    NaN
2007-12-31 -0.102590 0.198665 -0.733963 -0.888295          -0.695319      0.165540        -0.927079          -2.056002                                  NaN                    NaN
2007-12-31  0.248602 0.180801  1.059189  2.335893           1.057268      0.079314         0.482490           2.240637                                  NaN                    NaN
2007-12-31  0.123767 0.107816  0.664643  1.068685           0.693183      0.079290        -0.034926           0.288454                                  NaN                    NaN
2007-12-31  0.150716 0.180780  0.537311  0.871354           0.597705      0.096045         0.147198           0.701030                                  NaN                    NaN
2008-12-31  0.246018 0.082036  2.689676  6.505628           2.487554      0.032616        -0.457303           0.213538                            -1.435568                    NaN
2008-12-31  0.117313 0.113668  0.827782  1.609692           0.845786      0.060691        -0.730192          -0.503116                            -1.544095                    NaN
2008-12-31  0.361334 0.152137  2.210356  5.061139           1.998058      0.051505         0.218415           1.338573                            -0.362717                    NaN
2008-12-31  0.221140 0.128470  1.539330  2.918810           1.474151      0.048533        -0.312815           0.047102                            -0.864817                    NaN
2008-12-31  0.134817 0.130069  0.873798  1.734001           0.889399      0.082232        -0.687173          -0.698122                            -2.724305                    NaN
2008-12-31  0.183635 0.097236  1.661387  3.837421           1.594220      0.060152        -0.637282          -0.261598                            -1.647475                    NaN
2008-12-31  0.279049 0.094212  2.699975  8.597599           2.471200      0.035588        -0.131637           0.695200                            -1.427616                    NaN
2008-12-31  0.472894 0.146516  2.995064 11.344998           2.582633      0.034461         0.479676           1.222922                             0.151665                    NaN
2009-12-31 -0.015124 0.194814 -0.086217 -0.177599          -0.002524      0.182905         0.156499           0.226184                             0.511037                    NaN
2009-12-31 -0.102271 0.170340 -0.609514 -0.759900          -0.561225      0.136276        -0.323283          -0.435804                             0.084860                    NaN
2009-12-31 -0.116962 0.105860 -1.120025 -1.179119          -1.136007      0.127590        -0.687719          -0.508687                            -0.099742                    NaN
2009-12-31 -0.108115 0.070096 -1.563732 -1.555600          -1.615689      0.112265        -0.634780          -1.018088                            -0.089635                    NaN
2009-12-31  0.033779 0.089866  0.356654  0.616209           0.392413      0.038984         0.409842           1.990681                             2.359364                    NaN
2009-12-31 -0.046247 0.082148 -0.582363 -0.893794          -0.558358      0.092892        -0.180540           0.022862                             0.929255                    NaN
2009-12-31 -0.052807 0.080174 -0.678340 -1.004922          -0.659536      0.095466        -0.241212          -0.124156                             0.807093                    NaN
2009-12-31  0.280642 0.188751  1.473973  3.109829           1.398884      0.105677         1.689928           1.441635                             1.891644                    NaN
2010-12-31  0.128212 0.121966  1.040044  1.704468           1.040412      0.066341         0.863716          -0.055617                            -0.072915                    NaN
2010-12-31 -0.041451 0.079446 -0.536424 -0.645728          -0.510407      0.123728        -0.267794          -1.139574                            -1.121819                    NaN
2010-12-31 -0.064343 0.113622 -0.576475 -0.795035          -0.542519      0.097612        -0.443740          -1.187625                            -1.151248                    NaN
2010-12-31  0.007204 0.095427  0.062868  0.095270           0.106385      0.064758         0.093338          -2.077260                            -1.778575                    NaN
2010-12-31 -0.046274 0.098203 -0.483336 -0.682810          -0.449481      0.091777        -0.243018          -1.150539                            -0.997606                    NaN
2010-12-31  0.166766 0.141061  1.173561  2.359789           1.156887      0.034404         0.936703           0.183104                             0.165030                    NaN
2010-12-31  0.184170 0.130278  1.404304  2.671541           1.358257      0.021061         1.192026           0.384137                             0.390632                    NaN
2010-12-31  0.143030 0.118827  1.192103  2.397609           1.174858      0.053933         0.999337           0.137008                             0.092868                    NaN
2011-12-31  0.003858 0.101563  0.027273  0.038963           0.074026      0.093136         0.020333           1.682510                             0.962799                    NaN
2011-12-31 -0.055543 0.073679 -0.768682 -1.069524          -0.755844      0.057900        -0.373711           0.321808                            -0.013225                    NaN
2011-12-31 -0.014291 0.072483 -0.212467 -0.327996          -0.180998      0.075927        -0.110422           0.767463                             0.390435                    NaN
2011-12-31  0.093639 0.149570  0.617357  1.344864           0.658732      0.059245         0.642393           1.148344                             0.923278                    NaN
2011-12-31 -0.079044 0.112261 -0.713789 -0.863211          -0.689553      0.138473        -0.447989          -0.001495                            -0.223747                    NaN
2011-12-31  0.117073 0.143857  0.804837  1.668355           0.829892      0.078334         0.616412           2.422362                             1.689114                    NaN
2011-12-31 -0.003765 0.135218 -0.035938 -0.050346           0.026462      0.072911        -0.001629           1.395520                             0.748157                    NaN
2011-12-31  0.071856 0.086539  0.817068  1.466049           0.831130      0.052726         0.434556           2.872219                             1.688432                    NaN
2012-12-31  0.008665 0.083898  0.092433  0.175938           0.129930      0.048996         0.607338           0.606222                             0.567161                    NaN
2012-12-31  0.056502 0.090306  0.615271  1.388924           0.640625      0.042579         0.942860           1.531598                             1.254871                    NaN
2012-12-31  0.056502 0.090306  0.615271  1.388924           0.640625      0.042579         0.942860           1.531598                             1.254871                    NaN
2012-12-31  0.056133 0.093019  0.593280  1.232786           0.620761      0.035101         0.983830           1.785928                             1.411321                    NaN
2012-12-31  0.009219 0.062679  0.132597  0.200060           0.160848      0.039369         0.711406           0.502409                             0.476093                    NaN
2012-12-31  0.170629 0.069144  2.448869 12.392484           2.307994      0.017756         2.105259           2.185473                             1.663709                    NaN
2012-12-31  0.219764 0.061356  3.565218 10.745345           3.278821      0.019739         2.223838           2.935171                             2.169817                    NaN
2012-12-31 -0.054872 0.090440 -0.615868 -0.891617          -0.591120      0.086669         0.148357          -0.309616                            -0.061767                    NaN
2013-12-31  0.093054 0.177161  0.519541  0.727366           0.581718      0.140849         0.712497           0.747445                             0.893430                    NaN
2013-12-31 -0.050692 0.112956 -0.455997 -0.573394          -0.415111      0.114688        -0.233259          -0.646911                            -0.297438                    NaN
2013-12-31 -0.050692 0.112956 -0.455997 -0.573394          -0.415111      0.114688        -0.233259          -0.646911                            -0.297438                    NaN
2013-12-31  0.005356 0.122932  0.036365  0.052362           0.092620      0.096221         0.232891           0.094638                             0.216029                    NaN
2013-12-31 -0.082865 0.095175 -0.878517 -1.002576          -0.870123      0.105590        -0.607140          -1.244271                            -0.627054                    NaN
2013-12-31  0.144477 0.164703  0.871406  1.868595           0.891616      0.087937         0.990255           1.480342                             1.576033                    NaN
2013-12-31  0.064293 0.116606  0.543560  0.926314           0.581238      0.119887         0.774165           1.005945                             1.165329                    NaN
2013-12-31 -0.266947 0.161337 -1.658713 -1.582663          -1.829113      0.267197        -1.720072          -2.938438                            -2.722426                    NaN
2014-12-31  0.290476 0.151111  1.916616  3.942429           1.769833      0.023016         1.542207           1.141510                            -0.162809                    NaN
2014-12-31  0.177890 0.092876  1.907346  4.537871           1.810205      0.026615         1.217125          -0.188063                            -0.717363                    NaN
2014-12-31  0.133690 0.057579  2.310419  7.229834           2.206585      0.017568         1.220726          -0.619180                            -0.916438                    NaN
2014-12-31  0.153793 0.050780  3.015063 13.509284           2.845037      0.010806         1.689032          -0.460618                            -0.823885                    NaN
2014-12-31  0.158126 0.050715  3.104271 13.891365           2.923379      0.010806         1.833471          -0.426866                            -0.808562                    NaN
2014-12-31  0.179701 0.058675  3.048668  8.752522           2.850530      0.018288         2.472314          -0.243032                            -0.765910                    NaN
2014-12-31  0.184115 0.090336  2.029195  4.349026           1.917310      0.006301         1.548923          -0.180497                            -0.845909                    NaN
2014-12-31  0.217834 0.142447  1.523932  3.865715           1.454235      0.048771         1.211253           0.233417                            -0.657961                    NaN
2015-12-31  0.041143 0.117623  0.347949  0.735856           0.393692      0.066091         0.034104           1.537803                             1.939869                    NaN
2015-12-31 -0.114726 0.154869 -0.742218 -0.897742          -0.712721      0.167941        -0.690913          -0.679972                             0.053828                    NaN
2015-12-31 -0.070526 0.139251 -0.507965 -0.638659          -0.460438      0.136808        -0.582190          -0.587147                             0.539498                    NaN
2015-12-31  0.060204 0.145370  0.412696  0.620732           0.468264      0.080465         0.136814           0.968630                             1.224459                    NaN
2015-12-31 -0.026433 0.168097 -0.158515 -0.226104          -0.083210      0.110700        -0.262832           0.149771                             0.818265                    NaN
2015-12-31 -0.226207 0.172508 -1.312670 -1.380410          -1.390728      0.247157        -1.201935          -1.739351                            -1.585046                    NaN
2015-12-31 -0.044172 0.157898 -0.281073 -0.426167          -0.215998      0.161225        -0.385553          -0.061012                             1.189915                    NaN
2015-12-31 -0.038701 0.153802 -0.253038 -0.360228          -0.187692      0.096728        -0.311967           0.017594                             1.298242                    NaN
2016-12-31 -0.026191 0.105034 -0.274209 -0.411613          -0.229981      0.108993         0.054251           0.306539                            -0.162559                    NaN
2016-12-31 -0.081100 0.158295 -0.527820 -0.680789          -0.475709      0.207353        -0.270351          -0.119772                            -0.588781                    NaN
2016-12-31  0.010140 0.134052  0.055097  0.084412           0.116386      0.092950         0.342536           0.981442                             0.222416                    NaN
2016-12-31  0.058167 0.064848  0.850637  1.645932           0.859445      0.042424         0.979430           1.465233                             0.502864                    NaN
2016-12-31  0.010426 0.228620  0.033516  0.061444           0.134802      0.122710         0.225357           0.540834                             0.206202                    NaN
2016-12-31 -0.002729 0.102437 -0.052972 -0.088955          -0.006662      0.080956         0.223201           1.168209                            -0.007272                    NaN
2016-12-31 -0.032090 0.189586 -0.183085 -0.241631          -0.096746      0.159291         0.062943           0.223722                            -0.093941                    NaN
2016-12-31 -0.024661 0.107580 -0.253464 -0.346488          -0.206922      0.124355         0.075954           0.421646                            -0.176841                    NaN
2017-12-31  0.116493 0.153518  0.710444  1.777656           0.743919      0.099190         1.005893           0.388052                            -0.221150                    NaN
2017-12-31  0.005492 0.110284 -0.013346 -0.023268           0.035379      0.053159         0.176047          -0.354505                            -0.844833                    NaN
2017-12-31 -0.075113 0.093026 -0.876252 -1.070158          -0.868714      0.087111        -0.556452          -0.926892                            -1.202125                    NaN
2017-12-31  0.013966 0.111617  0.062376  0.111503           0.111445      0.052068         0.241000          -0.293088                            -0.798183                    NaN
2017-12-31  0.280414 0.060777  4.492118 16.788676           4.040782      0.014175         2.520680           2.896121                             0.780282                    NaN
2017-12-31 -0.156251 0.159133 -1.017278 -1.228229          -1.029713      0.188530        -0.932823          -0.976132                            -1.169957                    NaN
2017-12-31  0.058679 0.091145  0.566792  1.034458           0.594489      0.063135         0.693705           0.003598                            -0.492715                    NaN
2017-12-31  0.014245 0.097485  0.074731  0.112353           0.118194      0.071069         0.224611          -0.876868                            -1.698182                    NaN
2018-12-31 -0.021746 0.137226 -0.279257 -0.397616          -0.221333      0.099070         0.143494           0.827442                             0.252641                    NaN
2018-12-31  0.123363 0.071478  1.464804  2.855175           1.431582      0.028377         1.762060           1.624411                             1.254855                    NaN
2018-12-31  0.125801 0.161305  0.662206  1.079016           0.705985      0.078235         0.825973           1.746492                             1.574932                    NaN
2018-12-31  0.276292 0.135877  1.882137  3.487475           1.754641      0.064110         1.424275           2.792762                             2.763853                    NaN
2018-12-31  0.135831 0.157282  0.741876  1.228699           0.777124      0.075235         0.883354           1.851973                             1.683257                    NaN
2018-12-31 -0.180645 0.091033 -2.138662 -2.025913          -2.315414      0.192780        -1.288431          -0.607408                            -0.749518                    NaN
2018-12-31 -0.078139 0.092569 -1.007929 -1.399002          -1.012141      0.134857        -0.266953          -0.006013                            -0.416017                    NaN
2018-12-31 -0.033868 0.115489 -0.434537 -0.623943          -0.392145      0.120138         0.064225           0.533687                             0.081418                    NaN
2019-12-31  0.253797 0.156222  1.449211  2.962768           1.388267      0.094313         0.866839           1.030279                             0.332803                    NaN
2019-12-31  0.059933 0.122855  0.298956  0.417679           0.351457      0.039540        -0.087104          -0.208052                            -0.711581                    NaN
2019-12-31  0.155356 0.080516  1.618130  3.392172           1.565573      0.042975         0.767037           0.423121                            -0.302803                    NaN
2019-12-31  0.320700 0.127877  2.285370  5.957225           2.083987      0.058807         1.463050           1.618847                             0.705989                    NaN
2019-12-31  0.118229 0.120109  0.779085  1.621601           0.801697      0.062352         0.296751           0.151510                            -0.444460                    NaN
2019-12-31  0.017767 0.171733 -0.026576 -0.040013           0.051999      0.144415        -0.281945          -0.648083                            -1.314075                    NaN
2019-12-31  0.107926 0.122569  0.681328  1.369019           0.711886      0.065441         0.223603           0.086187                            -0.497271                    NaN
2019-12-31  0.036319 0.099187  0.137372  0.197452           0.182205      0.054382        -0.330653          -0.767445                            -1.436382                    NaN
2020-12-31 -0.002567 0.145154 -0.062269 -0.122127           0.001622      0.123126         0.215504          -0.854799                             0.275498              -1.206595
2020-12-31  0.052602 0.125678  0.363319  0.717211           0.412559      0.053587         0.630642          -0.073409                             0.637565              -0.517343
2020-12-31 -0.200239 0.158703 -1.291572 -1.498231          -1.359052      0.266110        -1.168475          -2.230480                            -1.632105              -2.496803
2020-12-31  0.149632 0.152865  0.938945  2.370445           0.949768      0.079598         1.124593           0.614137                             0.938050               0.436573
2020-12-31  0.048107 0.134552  0.306135  0.487299           0.362245      0.090654         0.601293          -0.079695                             1.022480              -0.365904
2020-12-31 -0.015115 0.118299 -0.181647 -0.238188          -0.128234      0.116074         0.135430          -0.554651                             0.111418              -0.713666
2020-12-31 -0.133973 0.196435 -0.709679 -0.764303          -0.659372      0.197021        -0.505754          -0.867735                            -0.619840              -0.937060
2020-12-31  0.146979 0.068517  2.062824  8.027523           1.971968      0.018281         2.180292           1.047670                             1.335214               0.696188
2021-12-31  0.102621 0.086406  1.187307  2.847560           1.173850      0.031926         0.590082           0.147569                             0.232328               1.417382
2021-12-31  0.066692 0.119272  0.558330  0.916583           0.596627      0.055784         0.255060          -0.234414                            -0.111584               0.994933
2021-12-31 -0.033104 0.128417 -0.258579 -0.314728          -0.201996      0.097781        -0.318872          -1.634243                            -1.199323              -0.004852
2021-12-31  0.073553 0.078097  0.940881  1.661965           0.946250      0.038194         0.363334          -0.170820                            -0.054924               0.900782
2021-12-31  0.387200 0.094169  4.110198 47.227797           3.563890      0.010810         2.435879           2.451300                             2.305725               2.769257
2021-12-31 -0.066598 0.088000 -0.757908 -0.970484          -0.741677      0.098495        -0.714327          -2.073446                            -1.587713              -0.442850
2021-12-31  0.185149 0.096352  1.920173  3.780455           1.818341      0.045970         1.087501           1.036828                             0.977391               1.626456
2021-12-31  0.119009 0.121185  0.981795  2.143916           0.986276      0.052742         0.555176           0.374462                             0.633472               2.482211
2022-12-31  0.169473 0.261806  0.598893  1.332223           0.673496      0.105719         0.049224          -0.291118                            -0.433369              -0.436861
2022-12-31  0.159970 0.103057  1.405929  3.231352           1.366668      0.038715        -0.102661          -1.073709                            -1.236067              -0.983674
2022-12-31  0.208478 0.113714  1.687815  2.926158           1.606931      0.071949         0.129740          -0.609929                            -0.851587              -0.590854
2022-12-31  0.111121 0.102993  0.928561  1.952500           0.936962      0.076072        -0.377013          -1.167964                            -1.281519              -0.890123
2022-12-31  0.063164 0.168278  0.301829  0.438899           0.373508      0.092351        -0.465203          -1.926596                            -2.322027              -2.270724
2022-12-31 -0.075057 0.108182 -0.781231 -1.091474          -0.763973      0.128230        -1.652642          -2.362865                            -2.492113              -1.893982
2022-12-31  0.199541 0.161276  1.137940  2.250547           1.125081      0.102540         0.118684          -1.474425                            -1.563112              -1.026733
2022-12-31  0.108534 0.174910  0.540273  0.939172           0.598352      0.122479        -0.264757          -2.014204                            -2.423816              -1.320781
2023-12-31  0.007702 0.153653 -0.264729 -0.381869          -0.199358      0.143999         0.212373           0.297471                             0.282929               0.156827
2023-12-31 -0.121934 0.066006 -2.483843 -2.070702          -2.662725      0.127588        -0.771722          -0.918752                            -0.682107              -0.815156
2023-12-31 -0.011298 0.131459 -0.448022 -0.593012          -0.399846      0.076611         0.112580           0.371436                             0.336135               0.099325
2023-12-31  0.095167 0.157770  0.272284  0.403657           0.340351      0.087479         0.623703           1.245375                             1.047771               0.948525
2023-12-31  0.087796 0.120710  0.296092  0.637949           0.344882      0.051428         0.613598           0.855598                             0.810531               0.576193
2023-12-31 -0.114132 0.117820 -1.337740 -1.411122          -1.390151      0.122501        -0.531428          -1.024083                            -0.602887              -0.926933
2023-12-31 -0.009077 0.100724 -0.562499 -0.750687          -0.531280      0.056658         0.131044           0.583258                             0.409396               0.119565
2023-12-31 -0.056253 0.106701 -0.952037 -1.055305          -0.949517      0.104524        -0.191193          -0.157712                            -0.079621              -0.291187
2024-12-31  0.166356 0.087149  1.223500  2.953368           1.206823      0.048919         1.514691           1.332540                             1.045581                    NaN
2024-12-31  0.286198 0.251111  0.878103  2.253936           0.908496      0.146883         1.374875           1.560827                             1.553324                    NaN
2024-12-31 -0.224536 0.081498 -3.253970 -2.291189          -3.695071      0.221400        -1.868876          -1.698574                            -1.609710                    NaN
2024-12-31  0.059201 0.102530  0.045801  0.072027           0.092669      0.113405         0.712825           0.519363                             0.152129                    NaN
2024-12-31 -0.145652 0.080540 -2.361734 -2.069884          -2.559607      0.177774        -1.309167          -1.525087                            -1.445432                    NaN
2024-12-31 -0.094737 0.091491 -1.544977 -1.566025          -1.612854      0.156907        -1.355254          -1.662385                            -1.552047                    NaN
2024-12-31 -0.126517 0.092676 -1.846930 -1.782582          -1.967587      0.158981        -2.015981          -2.049841                            -1.504800                    NaN
2024-12-31  0.215476 0.107994  1.418949  3.733361           1.376568      0.037969         1.818271           2.024934                             1.607272                    NaN